<?xml version="1.0" encoding="UTF-8"?>
<COLLADA xmlns="http://www.collada.org/2005/11/COLLADASchema" version="1.4.1">
<!--
# File generated by ImageToStl.com - Free Image and 3D model conversion tools
-->
  <asset>
    <contributor>
      <author>ImageToStl.com</author>
      <authoring_tool>ImageToStl.com</authoring_tool>
    </contributor>
    <created>2026-02-24T05:39:01</created>
    <modified>2026-02-24T05:39:01</modified>
    <up_axis>Y_UP</up_axis>
  </asset>
  <library_effects>
    <effect id="effect_0">
        <profile_COMMON>
          <technique sid="common">
            <phong>
              <diffuse>
                <color>0.85 0.85 0.85 1</color>
              </diffuse>
              <specular>
                <color>0.05 0.05 0.05 1</color>
              </specular>
              <shininess>
                <float>64</float>
              </shininess>
            </phong>
          </technique>
        </profile_COMMON>
    </effect>
  </library_effects>
  <library_materials>
    <material id="mat_0">
      <instance_effect url="#effect_0"/>
    </material>
  </library_materials>
  <library_geometries>
  </library_geometries>
  <library_visual_scenes>
    <visual_scene id="DefaultScene">
      <node id="node_0314b151_dea9_4161_8d6c_c3160ebc4c70" type="NODE">
        <matrix>1 0 0 0 0 1 0 0 0 0 1 0 0 0 0 1</matrix>
        <node id="node_ef9e774e_da18_45b7_b23f_a0203e90ba88" type="NODE">
          <matrix>1 0 0 0 0 1 0 0 0 0 1 0 0 0 0 1</matrix>
          <node id="node_66457659_38bc_4e95_8d21_cf2ae6d7c74c" type="NODE">
            <matrix>1 0 0 0 0 1 0 21.01201312884186 0 0 1 0 0 0 0 1</matrix>
            <node id="node_00d9c710_a88d_4e5b_b46e_7f5184cd52c8" type="NODE">
              <matrix>1 0 0 0 0 0.9959598205759098 0.08979997660579618 8.370000000000001 0 -0.08979997660579618 0.9959598205759098 -0.7547 0 0 0 1</matrix>
              <node id="node_44d0d8b5_8217_4088_879f_dff9cf4e2116" type="NODE">
                <matrix>1 0 0 0 0 1 0 9.804599999999997 0 0 1 -2.220446049250313E-16 0 0 0 1</matrix>
                <node id="node_953817e3_6554_4258_873e_ccffa2612d76" type="NODE">
                  <matrix>1 0 0 0 0 1 0 11.205300000000001 0 0 1 0 0 0 0 1</matrix>
                  <node id="node_7664de36_62ba_4f6f_bd95_a5c652059100" type="NODE">
                    <matrix>1 0 0 0 0 0.9959598205759098 -0.08979997660579618 12.605999999999995 0 0.08979997660579618 0.9959598205759098 4.440892098500626E-16 0 0 0 1</matrix>
                    <node id="node_284bf287_17e1_4f4a_9028_60c575265eb4" type="NODE">
                      <matrix>1 0 0 0 0 1 0 8.686299999999996 0 0 1 2.2177 0 0 0 1</matrix>
                    </node>
                  </node>
                  <node id="node_79b21884_6294_448b_9c89_2e81b1249652" type="NODE">
                    <matrix>-0.0278223839463565 -0.9557528337132798 0.2928522422666034 -6.2792 0.00570900074968872 -0.2931128038617902 -0.956060819991448 9.543699999999994 0.9995965797570447 -0.02492799753922231 0.013611490612821853 -0.26590000000000025 0 0 0 1</matrix>
                    <node id="node_d6cd3338_6b1e_405f_836c_8726dbed0a94" type="NODE">
                      <matrix>0.998683713138999 0.027822383946356343 0.043090092393063224 -1.3322676295501878E-15 -0.039205699211589985 0.9557528337132791 0.2915466240558553 13.579399999999993 -0.0330719557968912 -0.29285224226660334 0.9555855848322486 -7.105427357601002E-15 0 0 0 1</matrix>
                      <node id="node_2ee430a5_2142_4721_8734_9180b663937a" type="NODE">
                        <matrix>0.9999898993395283 1.821740733831971E-17 0.0044945766119176 -8.881784197001252E-16 -1.9106252449493804E-17 1.0000000000000002 1.9771653753746312E-16 28.171199999999992 -0.0044945766119176 -1.9780041498524865E-16 0.9999898993395283 7.105427357601002E-15 0 0 0 1</matrix>
                        <node id="node_96d95ec4_20b2_4b1d_9473_735397111985" type="NODE">
                          <matrix>0.9804951479628964 -0.14775904047887845 -0.1296014304627028 -8.881784197001252E-16 0.14726086447127532 0.9890059352735071 -0.013472111525223427 23.751399999999997 0.1301672102197412 -0.005875878703354898 0.9914746448765461 7.105427357601002E-15 0 0 0 1</matrix>
                          <node id="node_d8310ced_e6a2_4af3_a2ca_350fc6b6db9f" type="NODE">
                            <matrix>0.9895269697387421 0.14395308409169894 -0.010671726202937144 4.076599999999999 -0.1437840103453758 0.9894922229981908 0.015208517189327123 8.589500000000001 0.012748903037637581 -0.013514814337808307 0.9998273927357416 -0.05799999999999983 0 0 0 1</matrix>
                            <node id="node_d6e6e6cd_5a9e_4460_8647_db6e653f53bc" type="NODE">
                              <matrix>0.9999977086293792 0.002140679014039264 1.5144304623462083E-05 0.006500000000000172 -0.002140679013517886 0.9999977087440544 -5.063682211276827E-08 1.9439999999999884 -1.5144378321166506E-05 1.821761100327458E-08 0.9999999998853237 0 0 0 0 1</matrix>
                              <node id="node_551cedf9_e1ba_4635_bb1a_a5928f13e36f" type="NODE">
                                <matrix>0.9999683353629053 0.007936233524761457 0.000586914798229503 0.0022999999999999687 -0.007936234477294262 0.9999685075950256 -7.060167547182306E-07 1.911999999999992 -0.0005869019179848297 -3.951899057989279E-06 0.9999998277652457 0 0 0 0 1</matrix>
                              </node>
                            </node>
                          </node>
                          <node id="node_928d1c1f_7cb3_4b24_a1ec_8a0bf98bb0d2" type="NODE">
                            <matrix>0.9169920767361921 0.22355877536584276 -0.33037403826567546 2.4527999999999963 -0.3271345868694767 0.8953845669873937 -0.3021083237425498 0.7103999999999928 0.22827284831267666 0.38510771370841296 0.8941943611796576 1.3788000000000054 0 0 0 1</matrix>
                            <node id="node_d91addb5_2ebd_4df0_a1a6_a955c5211446" type="NODE">
                              <matrix>0.9066583067227003 0.4217045783626341 0.011660336132326015 0.8714000000000013 -0.42167862223430647 0.9067330611943725 -0.004721788608072951 2.1518999999999764 -0.012564012149904208 -0.0006358656109701765 0.9999208675058353 -1.4210854715202004E-14 0 0 0 1</matrix>
                              <node id="node_8bbbb73f_b1b1_439c_8786_92c79f7c0414" type="NODE">
                                <matrix>0.9784288717645597 0.20645935258165113 0.007174860911274047 -0.15429999999999922 -0.20646720256501627 0.9784534543904762 0.0003631202566938246 3.048800000000014 -0.006945297870301002 -0.0018366608042156315 0.9999741944243277 -1.4210854715202004E-14 0 0 0 1</matrix>
                              </node>
                            </node>
                          </node>
                          <node id="node_676a2c78_670f_4ec9_9810_88bd7022774c" type="NODE">
                            <matrix>0.9887106089527126 0.1498244759805436 0.001989507856595792 1.4056999999999977 -0.14983768176563864 0.9886208218754636 0.013324401576858274 9.440699999999978 2.9452591691696194E-05 -0.013472080442072867 0.9999092469724972 -0.12859999999999872 0 0 0 1</matrix>
                            <node id="node_dc2fc7f8_c239_43a0_8a44_3e7df5ae8ea7" type="NODE">
                              <matrix>0.9999944690008744 -0.003324042668946504 -0.00011272974173553916 -0.00550000000000006 0.003324042657123513 0.9999944753549032 -2.922386784582345E-07 2.1215999999999866 0.0001127300903575609 -8.248140816908932E-08 0.9999999936459604 -1.4210854715202004E-14 0 0 0 1</matrix>
                              <node id="node_3e22dfc5_1cf5_4dec_a2b0_b51863a75146" type="NODE">
                                <matrix>0.9999986230102192 -0.0016593806312301153 2.082272288664199E-05 0.0014999999999996128 0.0016593806319070983 0.9999986232270116 -1.523539484435163E-08 2.0501000000000147 -2.0822668937160457E-05 4.9788196927031045E-08 0.9999999997832069 -7.105427357601002E-15 0 0 0 1</matrix>
                              </node>
                            </node>
                          </node>
                          <node id="node_27fcf1da_6707_4004_8251_457ffcfffb85" type="NODE">
                            <matrix>0.9868369772665929 0.15985862330148004 0.024454056013042024 -1.4273999999999996 -0.16013936631022485 0.9870440028273926 0.009975963123278832 9.668699999999987 -0.022542485601484592 -0.013760706327542775 0.9996511788140268 -0.07459999999999667 0 0 0 1</matrix>
                            <node id="node_7c630093_dbf5_4a69_ac0e_958c3efd397a" type="NODE">
                              <matrix>0.9998780421269005 -0.015615871376922207 -0.000213151625997733 -0.020299999999998875 0.015615871152233037 0.9998780648462928 -2.718463279875198E-06 1.5916999999999888 0.00021316808649437537 -6.104165855940786E-07 0.9999999772794969 0 0 0 0 1</matrix>
                              <node id="node_2240d5e7_07d3_4d1e_b20c_03c06dc06ee9" type="NODE">
                                <matrix>0.9999485737403221 -0.010138805948305088 0.000233428014093098 0.0045999999999999375 0.010138806380550388 0.9999486009814359 -6.684318125139117E-07 1.6064000000000078 -0.00023340923902183153 3.035078876252254E-06 0.9999999727554569 1.4210854715202004E-14 0 0 0 1</matrix>
                              </node>
                            </node>
                          </node>
                          <node id="node_4c7061dd_9a1e_47ef_985a_5c5eebbdf647" type="NODE">
                            <matrix>0.9816956593399241 0.17875485823312076 0.06572924076245133 -4.0548 -0.1793875628045778 0.9837711224951274 0.003805371954185766 7.70089999999999 -0.0639823002414345 -0.015526725434969506 0.9978302390953488 -0.17379999999999995 0 0 0 1</matrix>
                            <node id="node_364cb502_a622_4e16_a44a_e246eb81a1a6" type="NODE">
                              <matrix>0.9991568517240563 -0.04105556819490368 -0.0001611616140096744 -0.046400000000001995 0.04105556789697514 0.9991568647204769 -5.157883077988038E-06 1.4497999999999962 0.0001612374927876476 -1.463047368596976E-06 0.9999999870001653 0 0 0 0 1</matrix>
                              <node id="node_8e34d1a7_a021_46d1_9479_119c62f0367c" type="NODE">
                                <matrix>0.9987619033728821 -0.049711771029422765 0.0018439609802210037 0.012099999999998445 0.049711886352257824 0.9987635996948153 -1.6731854420739584E-05 1.333500000000015 -0.0018408493361864488 0.00010837791745496025 0.9999982997625289 0 0 0 0 1</matrix>
                              </node>
                            </node>
                          </node>
                        </node>
                      </node>
                    </node>
                  </node>
                  <node id="node_ba184eb2_885c_47e0_947d_4998802b28b8" type="NODE">
                    <matrix>-0.03106081110813408 0.9557510584052207 -0.2925322894495673 6.2792 -0.006132944570374943 -0.2928502367635119 -0.9561386540760979 9.545599999999993 -0.9994986808416517 -0.02790435781120409 0.014957734151359925 -0.2860999999999998 0 0 0 1</matrix>
                    <node id="node_c32744c2_6a32_484f_ae3b_6a3a4a7bb6d0" type="NODE">
                      <matrix>0.9985481169517535 -0.03106081110813398 -0.04401004596012162 4.440892098500626E-16 0.042558720956492595 0.9557510584052205 0.29108189505334753 13.579399999999998 0.033021408247598937 -0.2925322894495674 0.9556853280378116 7.105427357601002E-15 0 0 0 1</matrix>
                      <node id="node_2e8dc56d_0548_48eb_ae44_a6b1a4272f88" type="NODE">
                        <matrix>0.9999901566311434 -1.8751527011996822E-16 -0.004436963017847768 8.881784197001252E-16 1.8769999672295273E-16 1 4.121715730932974E-17 28.169999999999998 0.004436963017847768 -4.2049569537556996E-17 0.9999901566311434 0 0 0 0 1</matrix>
                        <node id="node_2d14252f_9c2e_41e9_90ef_df0ec35fad06" type="NODE">
                          <matrix>0.9833021810937065 0.12431493630424216 0.13290077978714482 8.881784197001252E-16 -0.12269916198406706 0.9922360409330742 -0.02031144312613314 23.741499999999995 -0.1343939593313874 0.003665472020175782 0.9909212017159096 0 0 0 0 1</matrix>
                          <node id="node_2ca6a6fe_5d15_4442_a1b6_9fada44ce0bd" type="NODE">
                            <matrix>0.9901884576270138 -0.13826389691676466 -0.02024631303782133 1.3727999999999971 0.13863011913482376 0.9901813753260521 0.01795923233526559 9.487400000000022 0.017564408640764317 -0.020589773354695935 0.9996337093067152 0.008700000000004593 0 0 0 1</matrix>
                            <node id="node_d3b0cdfa_d7c6_4be1_b9e7_38c6dbd7fdc9" type="NODE">
                              <matrix>0.9998135158463803 0.01930212291147734 0.0006013168972592066 0.023699999999999832 -0.019302120723155097 0.9998136966687449 -9.442890580969034E-06 1.509200000000007 -0.0006013871377527406 -2.1655617122589326E-06 0.9999998191643943 -7.105427357601002E-15 0 0 0 1</matrix>
                              <node id="node_bd9b04b9_68cb_4841_a32c_80a984c811aa" type="NODE">
                                <matrix>0.9999372388461604 0.011157907843180399 -0.001009683752173007 -0.0061000000000008825 -0.011157917201435347 0.9999377484976285 -3.6358151676450715E-06 1.6940000000000168 0.0010095803297519388 1.4901554686070982E-05 0.9999994902626207 7.105427357601002E-15 0 0 0 1</matrix>
                              </node>
                            </node>
                          </node>
                          <node id="node_a1e16853_3351_4d1e_8ea6_eb6a15cae47e" type="NODE">
                            <matrix>0.9920458303168957 -0.12586958029081122 -0.0013853910189368056 -1.1967000000000017 0.12587166944513128 0.9918389198990241 0.020294822113848487 9.67740000000002 -0.0011804160096866934 -0.020307775135454394 0.9997930790354029 -0.1980999999999895 0 0 0 1</matrix>
                            <node id="node_ad180d43_2801_42a9_94e5_0020e8253a7d" type="NODE">
                              <matrix>0.999998743011039 0.0015792803013699468 0.00014089028401815834 0.006399999999999739 -0.001579280253619186 0.9999987529360616 -4.5017364999275905E-07 2.003 -0.00014089081926934343 2.2766784065277407E-07 0.999999990074863 7.105427357601002E-15 0 0 0 1</matrix>
                              <node id="node_345982c7_bcf4_45e4_90f2_af6be5d2dcfc" type="NODE">
                                <matrix>0.9999675988745207 0.00803929290559909 -0.0004134860376991709 0.0032000000000000917 -0.00803929331657364 0.9999676843591114 6.681590297254537E-07 1.980300000000014 0.00041347804715901167 2.655998158750569E-06 0.9999999145144214 -7.105427357601002E-15 0 0 0 1</matrix>
                              </node>
                            </node>
                          </node>
                          <node id="node_70bf78a8_c62c_4d4a_8476_1ee0d43648c0" type="NODE">
                            <matrix>0.9875835917271112 -0.14063377954984507 -0.07000563835080686 4.174499999999996 0.1417870392413815 0.9898273048823505 0.011761888135187777 7.430300000000017 0.06763937355225376 -0.02154173992200506 0.9974772521649756 -0.1950999999999894 0 0 0 1</matrix>
                            <node id="node_7a89f69d_1db5_46d2_9386_ba26e85aeb80" type="NODE">
                              <matrix>0.9997439491688319 0.022628138899821765 5.85682350715448E-05 0.026599999999998403 -0.022628138876411515 0.9997439508843557 -1.0624079722575091E-06 1.466399999999993 -5.8577279041914383E-05 -2.6315421513205854E-07 0.9999999982843167 0 0 0 0 1</matrix>
                              <node id="node_5d973069_569f_42c2_8c75_2a4d42fb602e" type="NODE">
                                <matrix>0.9997586924578216 0.021917701425523812 0.0014735057682116377 -0.0062000000000006494 -0.021917734970863734 0.9997597775715564 6.61961869276815E-06 1.380100000000013 -0.0014730067122516132 -3.891393023455287E-05 0.9999989143678768 7.105427357601002E-15 0 0 0 1</matrix>
                              </node>
                            </node>
                          </node>
                          <node id="node_0fa5d379_97aa_4e79_b1ae_a538c6d9f2a2" type="NODE">
                            <matrix>0.99272405947318 -0.12020246528272671 0.007092889611791769 -4.350500000000001 0.12002782341512125 0.9925410963387274 0.021342298024004103 8.889900000000011 -0.009605381268781337 -0.020335668631048697 0.9997470666283592 -0.056199999999989814 0 0 0 1</matrix>
                            <node id="node_a990bdce_5b04_4a41_b898_62d3b0dab9ca" type="NODE">
                              <matrix>0.9999965423969408 -0.002629286528668724 4.523840720612971E-05 -0.0046999999999999265 0.0026292865262113863 0.9999965434202015 1.1379208742592464E-07 1.8684999999999974 -4.523855002796776E-05 5.153040556285919E-09 0.999999998976737 -7.105427357601002E-15 0 0 0 1</matrix>
                              <node id="node_93046450_de00_4ff5_9496_e3afc5b7e3b9" type="NODE">
                                <matrix>0.9999940343834954 -0.003452403619822978 -0.00011003029805411253 0.000200000000000089 0.0034524036421005678 0.9999940404367876 1.2533349698117824E-08 1.7557999999999936 0.00011002959905141415 -3.924022766723891E-07 0.9999999939466666 0 0 0 0 1</matrix>
                              </node>
                            </node>
                          </node>
                          <node id="node_411e8828_bc74_4170_bd07_91e7c1b95d77" type="NODE">
                            <matrix>0.927973939666235 -0.19617192920439258 0.3168295148696749 -2.4460000000000006 0.29603058994173814 0.9044915421210771 -0.307019445719945 0.7859000000000123 -0.2263410195238002 0.3786972727967058 0.8974174716692693 1.3223000000000056 0 0 0 1</matrix>
                            <node id="node_8c07465f_87a7_4e53_9c33_92a2f9d7690d" type="NODE">
                              <matrix>0.9210172999280158 -0.3891293345632105 -0.017478392823721392 -0.8809000000000076 0.38906267674056566 0.9211831162933927 -0.007204153209065804 2.137199999999993 0.018904147713490933 -0.00016504056023860025 0.9998212870112541 0 0 0 0 1</matrix>
                              <node id="node_b1313477_b9ba_4b26_b284_f1480dd25369" type="NODE">
                                <matrix>0.9420075572210024 -0.33143240181204553 -0.05267186314929778 0.027099999999983027 0.3319159558729597 0.9433088501539338 0.00045984584625150156 3.1040999999999883 0.04953342684954302 -0.017915810067134493 0.9986117680931761 -1.4210854715202004E-14 0 0 0 1</matrix>
                              </node>
                            </node>
                          </node>
                        </node>
                      </node>
                    </node>
                  </node>
                </node>
              </node>
            </node>
            <node id="node_a5f98be4_962a_4918_8c9c_83ba98fe21ee" type="NODE">
              <matrix>-0.9999641821683257 0.005970828363437116 -0.005998632267994807 8.2788 -0.005639573791487337 -0.9985359105213183 -0.05379805393146883 -4.660999999999998 -0.0063110686799164855 -0.053762297272505345 0.9985338180573055 -0.9035000000000001 0 0 0 1</matrix>
              <node id="node_3f009474_f145_4a62_a00b_15c6ab5fa371" type="NODE">
                <matrix>0.9999220716377997 0.012396194554968144 0.00147817865166795 -3.552713678800501E-15 -0.012484015843103885 0.9928879212914511 0.11839647419568614 49.69879999999999 -7.58941520739853E-19 -0.1184057013580681 0.9929653014511151 0 0 0 0 1</matrix>
                <node id="node_f9d1ab4a_e285_4eca_9e1e_23efc99e4140" type="NODE">
                  <matrix>0.969348778579365 -0.24285638914180474 -0.03719838329413673 0 0.10683611636616008 0.5529963411792788 -0.8263056885209774 51.543700000000015 0.22124418570097945 0.7970042790947458 0.5619921613316107 3.1086244689504383E-15 0 0 0 1</matrix>
                  <node id="node_ba54fbf2_d469_4d58_aaf8_56bf95cc6dac" type="NODE">
                    <matrix>0.9651308042166815 -0.1856061032710297 -0.18458847521068406 -1.7763568394002505E-15 -8.326672684688674E-17 0.7051603507543116 -0.709047868429245 20.823299999999996 0.2617680858165515 0.6843239394852418 0.6805719764252253 0 0 0 0 1</matrix>
                  </node>
                </node>
              </node>
            </node>
            <node id="node_c4f3b973_db82_4468_a84a_d34fead9dfd2" type="NODE">
              <matrix>-0.9999814168399209 -0.0059847675663813795 -0.0011612631056191903 -8.2788 0.005972359878973541 -0.9999279882273879 0.010409095878359082 -4.660999999999998 -0.001223475500412643 0.010401966963283165 0.9999451495912136 0.6096 0 0 0 1</matrix>
              <node id="node_daeed9f0_3829_4bbe_8486_e62c60294322" type="NODE">
                <matrix>0.9999306873671107 -0.01175671291250371 -0.0006325844062408036 0 0.01177371910392169 0.9984863678174443 0.053724787772403235 49.62960000000001 2.1684043449710093E-19 -0.05372851183701989 0.9985555803338038 -1.1102230246251565E-16 0 0 0 1</matrix>
                <node id="node_8e9b63c9_975b_4620_b2a6_35b04255e231" type="NODE">
                  <matrix>0.9743377608312048 0.222133145561987 0.03637022767554526 -1.7763568394002505E-15 -0.10857300429867142 0.6053384760645304 -0.7885285233480347 50.83219999999999 -0.19717461945188233 0.7643442909046999 0.6139217982816675 -8.881784197001252E-16 0 0 0 1</matrix>
                  <node id="node_4bbe0914_57af_4af8_964a_19878224153e" type="NODE">
                    <matrix>0.9778840988507175 0.13869603551281526 0.15654423958724192 2.220446049250313E-15 6.938893903907227E-17 0.7484871552086205 -0.6631492882358441 22.250999999999983 -0.20914752978440818 0.6484831441300034 0.7319336872725188 1.4210854715202004E-14 0 0 0 1</matrix>
                  </node>
                </node>
              </node>
            </node>
          </node>
        </node>
      </node>
    </visual_scene>
  </library_visual_scenes>
  <scene>
    <instance_visual_scene url="#DefaultScene"/>
  </scene>
</COLLADA>
